[array([0.761024, 0.713   ]), array([0.732637, 0.906564]), array([0.522581, 0.591593, 0.350176]), array([0.56402 , 0.473834, 0.390972, 0.258427]), array([0.196777, 0.892275, 0.855813, 0.891829]), array([0.728785, 0.146949, 0.767044, 0.739699, 0.020789]), array([0.0167  , 0.532618, 0.280647, 0.222769, 0.407487, 0.748018]), array([0.035844, 0.064098, 0.010711, 0.024463, 0.361511, 0.783344,
       0.515157, 0.880442])]
[array([0.761024, 0.713   ]), array([0.732637, 0.906564]), array([0.522581, 0.591593, 0.350176]), array([0.56402 , 0.473834, 0.390972, 0.258427]), array([0.196777, 0.892275, 0.855813, 0.891829]), array([0.728785, 0.146949, 0.767044, 0.739699, 0.020789]), array([0.0167  , 0.532618, 0.280647, 0.222769, 0.407487, 0.748018]), array([0.035844, 0.064098, 0.010711, 0.024463, 0.361511, 0.783344,
       0.515157, 0.880442])]
[array([0.751825, 0.811946]), array([0.980817, 0.626715]), array([0.996446, 0.737055, 0.850924]), array([0.404477, 0.413254, 0.303108, 0.434359]), array([0.521278, 0.505138, 0.985473, 0.994545]), array([0.341155, 0.021278, 0.626487, 0.970661, 0.032762]), array([0.43139 , 0.173879, 0.071339, 0.124473, 0.403592, 0.62418 ]), array([0.064214, 0.412793, 0.081589, 0.008195, 0.974438, 0.216196,
       0.139173, 0.110624])]
[array([0.70263, 0.95598]), array([0.700329, 1.      ]), array([9.77206e-01, 3.30727e-01, 1.70000e-05]), array([0.393932, 0.39323 , 0.377559, 0.426151]), array([0.449325, 0.603715, 1.      , 1.      ]), array([0.941155, 0.654101, 0.079248, 0.961137, 0.229746]), array([0.1531  , 0.236737, 0.190018, 0.      , 0.365128, 0.744155]), array([0.103762, 0.017606, 0.204751, 0.194101, 0.745367, 0.674182,
       0.125362, 0.044024])]
[array([0.012715, 0.992415]), array([0.026867, 0.999598]), array([0.955194, 0.008179, 0.700062]), array([0.425212, 0.377719, 0.427527, 0.420346]), array([0.479838, 0.890814, 1.      , 1.      ]), array([0.137088, 0.268975, 0.283122, 0.986752, 0.045377]), array([0.      , 0.450181, 0.211028, 0.      , 0.353842, 1.      ]), array([0.      , 0.      , 0.301242, 0.2165  , 0.      , 1.      ,
       0.      , 1.      ])]
[array([0.012658, 0.001204]), array([0.80377, 0.99732]), array([0.034249, 0.018981, 0.451567]), array([0.485961, 0.345148, 0.465576, 0.429334]), array([0.801922, 1.      , 1.      , 1.      ]), array([0.586987, 0.182795, 0.646577, 0.70983 , 0.091668]), array([0.251627, 0.008515, 0.005607, 0.024728, 0.411581, 0.615802]), array([0.103911, 0.      , 0.045943, 0.011461, 0.877426, 0.77054 ,
       0.      , 0.      ])]