[array([0.761024, 0.713   ]), array([0.732637, 0.906564]), array([0.522581, 0.591593, 0.350176]), array([0.56402 , 0.473834, 0.390972, 0.258427]), array([0.196777, 0.892275, 0.855813, 0.891829]), array([0.728785, 0.146949, 0.767044, 0.739699, 0.020789]), array([0.0167  , 0.532618, 0.280647, 0.222769, 0.407487, 0.748018]), array([0.035844, 0.064098, 0.010711, 0.024463, 0.361511, 0.783344,
       0.515157, 0.880442])]
[array([0.761024, 0.713   ]), array([0.732637, 0.906564]), array([0.522581, 0.591593, 0.350176]), array([0.56402 , 0.473834, 0.390972, 0.258427]), array([0.196777, 0.892275, 0.855813, 0.891829]), array([0.728785, 0.146949, 0.767044, 0.739699, 0.020789]), array([0.0167  , 0.532618, 0.280647, 0.222769, 0.407487, 0.748018]), array([0.035844, 0.064098, 0.010711, 0.024463, 0.361511, 0.783344,
       0.515157, 0.880442])]
[array([0.751825, 0.811946]), array([0.980817, 0.626715]), array([0.996446, 0.737055, 0.850924]), array([0.404477, 0.413254, 0.303108, 0.434359]), array([0.521278, 0.505138, 0.985473, 0.994545]), array([0.341155, 0.021278, 0.626487, 0.970661, 0.032762]), array([0.43139 , 0.173879, 0.071339, 0.124473, 0.403592, 0.62418 ]), array([0.064214, 0.412793, 0.081589, 0.008195, 0.974438, 0.216196,
       0.139173, 0.110624])]
[array([0.70263, 0.95598]), array([0.700329, 1.      ]), array([9.77206e-01, 3.30727e-01, 1.70000e-05]), array([0.393932, 0.39323 , 0.377559, 0.426151]), array([0.449325, 0.603715, 1.      , 1.      ]), array([0.941155, 0.654101, 0.079248, 0.961137, 0.229746]), array([0.1531  , 0.236737, 0.190018, 0.      , 0.365128, 0.744155]), array([0.103762, 0.017606, 0.204751, 0.194101, 0.745367, 0.674182,
       0.125362, 0.044024])]
[array([0.012715, 0.992415]), array([0.026867, 0.999598]), array([0.955194, 0.008179, 0.700062]), array([0.425212, 0.377719, 0.427527, 0.420346]), array([0.479838, 0.890814, 1.      , 1.      ]), array([0.137088, 0.268975, 0.283122, 0.986752, 0.045377]), array([0.      , 0.450181, 0.211028, 0.      , 0.353842, 1.      ]), array([0.      , 0.      , 0.301242, 0.2165  , 0.      , 1.      ,
       0.      , 1.      ])]
[array([0.012658, 0.001204]), array([0.80377, 0.99732]), array([0.034249, 0.018981, 0.451567]), array([0.485961, 0.345148, 0.465576, 0.429334]), array([0.801922, 1.      , 1.      , 1.      ]), array([0.586987, 0.182795, 0.646577, 0.70983 , 0.091668]), array([0.251627, 0.008515, 0.005607, 0.024728, 0.411581, 0.615802]), array([0.103911, 0.      , 0.045943, 0.011461, 0.877426, 0.77054 ,
       0.      , 0.      ])]
[array([0.058297, 0.998421]), array([0.854811, 0.022906]), array([0.507856, 0.945814, 0.      ]), array([0.425212, 0.377719, 0.427527, 0.420346]), array([1., 1., 1., 1.]), array([0.548689, 0.090612, 0.59627 , 0.7384  , 0.042076]), array([0.446362, 0.191624, 0.030942, 0.129517, 0.412839, 0.618823]), array([0.123636, 0.877898, 0.029459, 0.738588, 0.965005, 0.127021,
       0.15988 , 0.078839])]
[array([0.34398 , 0.277258]), array([0.743771, 0.999666]), array([0.532769, 0.510027, 0.622979]), array([0.415714, 0.468961, 0.413078, 0.40123 ]), array([0.999088, 0.993081, 1.      , 1.      ]), array([0.579004, 0.125422, 0.6925  , 0.57731 , 0.083764]), array([0.405202, 0.209702, 0.139382, 0.083729, 0.360804, 0.642496]), array([0.040705, 0.      , 0.156112, 0.017086, 0.924711, 0.52155 ,
       0.      , 0.      ])]
[array([0.354005, 0.996726]), array([0.700273, 1.      ]), array([0.377858, 0.585068, 0.091651]), array([0.420631, 0.428434, 0.390046, 0.387683]), array([0.996557, 1.      , 1.      , 1.      ]), array([0.550145, 0.147473, 0.642053, 0.698181, 0.057541]), array([0.403786, 0.202905, 0.140516, 0.06467 , 0.321231, 0.668381]), array([0.      , 0.072834, 0.      , 0.      , 0.464965, 0.337506,
       0.087765, 0.      ])]
[array([0.206165, 0.991956]), array([0.700269, 1.      ]), array([0.645025, 0.608525, 0.476381]), array([0.420631, 0.428434, 0.390046, 0.387683]), array([1.      , 0.998063, 1.      , 1.      ]), array([0.558987, 0.15816 , 0.653905, 0.696695, 0.048854]), array([0.40188 , 0.160448, 0.133587, 0.058632, 0.301206, 0.662879]), array([0.004318, 0.278304, 0.008528, 0.973578, 0.995037, 0.716242,
       0.074606, 0.1248  ])]
[array([0.467104, 0.834974]), array([0.747288, 0.926554]), array([0.296735, 0.643878, 0.09408 ]), array([0.418779, 0.431152, 0.405418, 0.406656]), array([0.99946, 1.     , 1.     , 1.     ]), array([0.571921, 0.151391, 0.620488, 0.691349, 0.074337]), array([0.381428, 0.204458, 0.115885, 0.03429 , 0.332698, 0.641134]), array([0.473833, 0.064146, 0.083529, 0.036927, 0.062041, 0.86959 ,
       0.06203 , 0.085633])]